1,0,72
2,0,13
2,1,54
3,0,42
3,1,21
3,2,87
4,0,96
4,2,44
5,0,83
5,2,70
6,5,12
7,6,27
8,7,30
9,5,41
9,8,44
10,3,66
10,7,9
11,1,14
11,10,41
12,4,39
12,5,31
13, 0, 54
13, 10, 61
14, 12, 66
14, 11, 97
14, 10, 74
15, 4, 64
15, 13, 37
15, 0, 31
15, 6, 83
16, 4, 38
16, 14, 38
17, 7, 93
17, 14, 64
18, 13, 30
18, 1, 60
19, 6, 84
19, 7, 63
19, 16, 49
19, 13, 67
20, 3, 40
20, 1, 33
20, 16, 45
21, 14, 27
21, 12, 27
22, 7, 23
22, 10, 90
22, 16, 51
22, 12, 57
23, 9, 19
23, 0, 7
24, 5, 73
24, 8, 54
25, 9, 14
25, 3, 59
25, 4, 36
26, 17, 26
26, 9, 53
26, 22, 23
27, 2, 51
27, 4, 50
27, 21, 31
28, 1, 95
28, 6, 36
28, 8, 42
28, 13, 98
29, 10, 34
29, 13, 83
29, 4, 31
30, 24, 21
30, 5, 30
30, 19, 66
30, 22, 37
31, 11, 64
31, 5, 29
31, 7, 0
32, 24, 60
32, 22, 50
32, 19, 47
32, 29, 89
33, 16, 19
33, 25, 34
33, 3, 30
34, 21, 45
34, 28, 53
34, 30, 87
35, 5, 12
35, 17, 96
36, 9, 26
36, 35, 82
37, 18, 97
37, 24, 90
38, 28, 36
38, 7, 23
38, 4, 7
39, 1, 84
39, 33, 36
39, 19, 80
40, 32, 4
40, 18, 78
41, 14, 55
41, 8, 97
41, 22, 39
41, 17, 29
42, 23, 19
42, 32, 96
42, 36, 78
43, 34, 86
43, 2, 27
43, 26, 68
44, 23, 78
44, 3, 64
45, 40, 45
45, 8, 20
46, 25, 62
46, 45, 50
46, 13, 38
47, 35, 35
47, 37, 26
47, 6, 73
47, 30, 90
48, 26, 12
48, 0, 96
49, 7, 60
49, 44, 50
49, 14, 62
50, 38, 14
50, 16, 33
51, 8, 63
51, 23, 45
52, 45, 77
52, 44, 86
52, 41, 33
53, 1, 14
53, 19, 30
53, 20, 51
54, 46, 76
54, 18, 21
54, 7, 82
55, 4, 70
55, 19, 2
55, 38, 43
55, 32, 79
56, 50, 29
56, 40, 40
56, 0, 37
56, 50, 0
57, 32, 59
57, 1, 46
57, 0, 50
58, 49, 20
58, 33, 91
58, 44, 97
59, 39, 30
59, 1, 11
59, 56, 31
60, 48, 28
60, 54, 14
61, 44, 12
61, 26, 58
62, 21, 51
62, 18, 10
62, 11, 92
63, 27, 27
63, 38, 91
63, 1, 69
64, 33, 56
64, 28, 42
64, 10, 3
64, 42, 99
65, 6, 68
65, 44, 65
66, 62, 87
66, 44, 46
66, 37, 17
66, 26, 81
67, 57, 43
67, 7, 61
67, 19, 24
68, 56, 14
68, 19, 45
68, 21, 5
69, 37, 50
69, 53, 73
69, 38, 24
69, 15, 44
70, 58, 13
70, 63, 49
71, 65, 52
71, 56, 94
71, 8, 59
72, 35, 34
72, 19, 71
72, 56, 0
73, 23, 4
73, 67, 63
73, 65, 51
74, 2, 82
74, 42, 55
75, 64, 83
75, 63, 96
76, 55, 10
76, 74, 11
76, 66, 90
77, 35, 87
77, 67, 15
77, 48, 60
78, 16, 66
78, 68, 71
78, 50, 91
79, 62, 35
79, 39, 20
79, 44, 91
80, 72, 12
80, 45, 11
80, 59, 82
80, 69, 58
81, 65, 54
81, 60, 53
82, 10, 96
82, 80, 62
83, 64, 67
83, 33, 70
84, 34, 7
84, 65, 76
85, 70, 20
85, 47, 54
85, 8, 95
86, 3, 65
86, 21, 94
86, 61, 94
87, 84, 15
87, 40, 87
88, 35, 46
88, 85, 76
89, 26, 75
89, 37, 8
90, 74, 53
90, 32, 5
91, 42, 68
91, 75, 76
92, 61, 12
92, 62, 48
92, 64, 48
93, 24, 42
93, 87, 18
93, 28, 86
93, 81, 14
94, 8, 82
94, 60, 93
94, 78, 13
95, 46, 63
95, 55, 73
95, 85, 14
96, 3, 9
96, 65, 87
97, 92, 96
97, 41, 83
98, 73, 85
98, 71, 76
98, 21, 67
99, 3, 31
99, 38, 56
100, 72, 79
100, 19, 99
101, 78, 65
101, 89, 17
101, 50, 64
102, 84, 87
102, 17, 38
102, 26, 36
102, 14, 64
103, 33, 38
103, 19, 69
104, 73, 75
104, 49, 95
105, 34, 49
105, 103, 39
105, 86, 56
105, 34, 66
106, 93, 83
106, 5, 51
107, 80, 50
107, 84, 80
107, 74, 2
108, 51, 21
108, 0, 93
108, 60, 15
109, 97, 76
109, 38, 52
109, 95, 1
109, 65, 60
110, 18, 88
110, 0, 49
111, 3, 80
111, 52, 85
111, 7, 15
111, 107, 59
112, 42, 4
112, 90, 13
113, 82, 68
113, 53, 60
113, 53, 10
114, 97, 6
114, 54, 80
115, 24, 49
115, 33, 72
116, 0, 70
116, 41, 12
116, 1, 87
117, 6, 34
117, 1, 86
117, 114, 96
118, 13, 53
118, 92, 57
118, 83, 59
119, 18, 0
119, 29, 46
119, 96, 11
119, 27, 9
120, 27, 42
120, 53, 26
120, 18, 8
121, 26, 78
121, 93, 91
121, 21, 18
122, 5, 57
122, 88, 40
122, 118, 52
122, 120, 79
123, 86, 70
123, 13, 50
123, 30, 48
124, 37, 39
124, 123, 12
124, 41, 79
125, 93, 78
125, 46, 73
126, 47, 62
126, 42, 90
126, 82, 77
127, 85, 67
127, 21, 74
127, 94, 74
128, 70, 84
128, 68, 19
128, 10, 38
128, 6, 99
129, 93, 87
129, 113, 49
129, 119, 79
130, 46, 66
130, 40, 49
131, 118, 62
131, 13, 17
131, 0, 68
132, 51, 27
132, 2, 54
133, 1, 29
133, 7, 24
133, 54, 14
134, 35, 87
134, 59, 57
134, 8, 14
135, 47, 55
135, 115, 19
135, 32, 53
136, 4, 81
136, 121, 29
137, 108, 66
137, 135, 95
137, 100, 73
137, 8, 71
138, 109, 87
138, 42, 86
138, 131, 2
138, 122, 10
139, 132, 76
139, 69, 18
140, 36, 27
140, 15, 99
140, 99, 60
141, 41, 53
141, 87, 57
142, 8, 2
142, 35, 8
142, 110, 15
143, 127, 97
143, 44, 87
143, 62, 63
144, 8, 31
144, 106, 34
144, 70, 58
145, 144, 38
145, 116, 44
146, 19, 17
146, 102, 95
146, 8, 81
147, 9, 42
147, 41, 98
148, 86, 74
148, 15, 90
149, 28, 58
149, 50, 50
149, 71, 86
149, 40, 30
150, 104, 10
150, 62, 92
150, 10, 42
151, 132, 1
151, 126, 22
151, 93, 18
152, 137, 51
152, 140, 71
153, 54, 19
153, 105, 98
153, 133, 6
154, 20, 18
154, 16, 1
155, 12, 32
155, 81, 26
156, 13, 7
156, 42, 18
156, 81, 69
157, 112, 22
157, 144, 89
157, 71, 77
157, 62, 48
158, 140, 88
158, 62, 84
158, 21, 73
159, 100, 60
159, 9, 60
159, 117, 78
160, 120, 39
160, 92, 5
161, 115, 75
161, 123, 60
162, 92, 38
162, 55, 67
163, 114, 62
163, 133, 31
163, 70, 85
163, 1, 61
164, 47, 49
164, 149, 34
164, 93, 41
164, 94, 26
165, 143, 48
165, 31, 39
166, 16, 4
166, 98, 76
166, 33, 39
166, 143, 51
167, 108, 74
167, 48, 78
168, 123, 5
168, 8, 93
168, 132, 11
168, 107, 69
169, 155, 33
169, 123, 50
170, 77, 17
170, 19, 6
171, 149, 12
171, 158, 40
171, 13, 40
172, 123, 66
172, 164, 8
172, 37, 17
172, 108, 63
173, 58, 78
173, 69, 56
173, 86, 60
173, 141, 30
174, 92, 71
174, 37, 43
174, 51, 91
175, 30, 64
175, 127, 33
175, 28, 48
175, 98, 61
176, 137, 99
176, 148, 54
176, 129, 84
176, 7, 8
177, 156, 68
177, 20, 1
177, 57, 95
178, 34, 83
178, 117, 81
179, 62, 37
179, 103, 50
180, 121, 75
180, 50, 99
180, 107, 28
180, 150, 6
181, 133, 54
181, 135, 18
182, 57, 0
182, 11, 91
182, 40, 69
182, 82, 92
183, 49, 44
183, 74, 4
183, 173, 15
183, 3, 32
184, 7, 71
184, 66, 70
184, 33, 98
185, 68, 12
185, 89, 28
185, 105, 35
185, 127, 2
186, 52, 61
186, 42, 37
187, 184, 5
187, 108, 46
187, 166, 34
187, 100, 18
188, 146, 89
188, 126, 47
188, 48, 33
189, 170, 31
189, 79, 52
189, 188, 16
189, 171, 20
190, 124, 78
190, 146, 0
191, 71, 50
191, 68, 51
191, 62, 3
191, 134, 82
192, 123, 56
192, 86, 8
192, 114, 74
193, 109, 46
193, 111, 62
193, 89, 89
194, 9, 4
194, 147, 66
194, 25, 42
194, 78, 10
195, 67, 66
195, 100, 56
195, 124, 62
195, 194, 12
196, 80, 81
196, 28, 29
196, 112, 95